VOC2007\JPEGImages\1.jpg 49,98,136,191,0 130,103,220,188,0
VOC2007\JPEGImages\10.jpg 601,52,1108,616,0 103,66,610,608,0
VOC2007\JPEGImages\100.jpg 44,6,131,84,0 20,68,100,142,0 87,41,181,130,0 136,3,228,85,0 174,41,240,128,0 49,104,138,159,0 114,97,222,159,0
VOC2007\JPEGImages\12.jpg 248,44,641,498,0 415,422,727,792,0 83,391,429,761,0
VOC2007\JPEGImages\13.jpg 30,111,145,232,0 112,74,191,159,0 186,79,260,171,0
VOC2007\JPEGImages\14.jpg 14,1,200,221,0
VOC2007\JPEGImages\15.jpg 2,73,85,175,0 123,40,202,119,0 51,44,132,125,0
VOC2007\JPEGImages\16.jpg 108,45,216,157,0
VOC2007\JPEGImages\17.jpg 535,134,917,629,0 174,140,534,592,0
VOC2007\JPEGImages\18.jpg 154,18,263,138,0 35,16,155,147,0
VOC2007\JPEGImages\2.jpg 325,71,544,377,0 102,36,340,311,0
VOC2007\JPEGImages\20.jpg 325,212,487,352,0 200,215,345,371,0 69,177,226,324,0 265,119,411,265,0 133,70,306,225,0 257,14,420,138,0
VOC2007\JPEGImages\21.jpg 498,372,698,540,0 96,363,263,530,0 236,386,446,540,0 260,241,413,403,0 379,267,540,428,0 164,247,317,401,0 365,124,537,273,0 253,1,432,170,0 446,33,570,136,0 590,110,701,222,0 54,1,216,105,0
VOC2007\JPEGImages\22.jpg 108,33,174,102,0 173,49,223,95,0 173,124,230,175,0 129,96,183,147,0 31,135,101,193,0 9,85,76,146,0 64,69,124,118,0 1,62,51,104,0 49,58,96,94,0 84,116,137,167,0 119,129,179,191,0
VOC2007\JPEGImages\23.jpg 24,194,430,650,0
VOC2007\JPEGImages\24.jpg 42,37,186,183,0 165,21,254,112,0
VOC2007\JPEGImages\25.jpg 37,23,164,152,0 135,12,231,135,0
VOC2007\JPEGImages\26.jpg 20,81,107,172,0 98,72,201,186,0 149,68,244,160,0
VOC2007\JPEGImages\27.jpg 43,12,165,165,0 137,30,225,147,0
VOC2007\JPEGImages\28.jpg 195,80,265,156,0 99,93,169,168,0 37,73,107,139,0 84,28,155,106,0 164,1,226,43,0 115,1,172,44,0
VOC2007\JPEGImages\29.jpg 40,35,185,183,0 167,20,255,114,0
VOC2007\JPEGImages\3.jpg 213,95,324,201,0 334,123,451,237,0 286,214,417,333,0 285,54,404,173,0 387,53,462,123,0 263,166,342,275,0 189,180,273,268,0 97,236,198,332,0 116,85,226,211,0 54,165,152,256,0
VOC2007\JPEGImages\30.jpg 423,20,566,222,0 114,172,361,377,0 15,23,223,244,0 210,28,403,215,0
VOC2007\JPEGImages\31.jpg 180,132,248,193,0 215,39,252,80,0 138,97,192,153,0 91,85,148,140,0 82,140,162,194,0 32,129,97,191,0 134,43,196,105,0 161,10,206,45,0 92,1,159,62,0 20,1,74,34,0
VOC2007\JPEGImages\32.jpg 405,43,781,389,0 40,53,415,411,0
VOC2007\JPEGImages\33.jpg 16,101,104,183,0 89,114,193,181,0 170,84,256,165,0 137,7,233,103,0 59,18,152,122,0
VOC2007\JPEGImages\34.jpg 190,85,273,181,0 67,63,170,149,0 149,41,227,122,0 199,6,274,101,0 67,1,175,78,0 3,41,93,118,0
VOC2007\JPEGImages\36.jpg 28,13,158,165,0 153,37,273,163,0
VOC2007\JPEGImages\37.jpg 94,53,208,162,0 55,126,169,225,0 5,21,128,125,0 90,1,214,64,0
VOC2007\JPEGImages\38.jpg 183,67,262,149,0 130,13,213,91,0 85,52,156,123,0 51,1,129,73,0 1,3,58,61,0 2,86,78,164,0 73,118,144,187,0 142,92,223,160,0
VOC2007\JPEGImages\39.jpg 155,53,501,414,0 410,290,714,520,0 86,342,402,533,0
VOC2007\JPEGImages\4.jpg 15,215,413,581,0 299,63,617,505,0
VOC2007\JPEGImages\40.jpg 84,45,168,142,0 13,22,115,133,0
VOC2007\JPEGImages\41.jpg 482,147,706,373,0 283,126,497,341,0
VOC2007\JPEGImages\42.jpg 40,11,122,94,0 16,86,104,162,0 93,71,172,151,0
VOC2007\JPEGImages\43.jpg 31,52,118,155,0 112,63,200,169,0
VOC2007\JPEGImages\44.jpg 142,102,212,177,0 93,36,173,117,0 13,52,59,103,0
VOC2007\JPEGImages\45.jpg 68,41,189,163,0
VOC2007\JPEGImages\46.jpg 203,204,516,560,0 465,37,789,363,0 458,348,746,630,0
VOC2007\JPEGImages\47.jpg 181,21,257,101,0 216,277,288,347,0
VOC2007\JPEGImages\48.jpg 13,46,90,143,0 81,16,177,103,0 54,86,145,151,0 123,75,215,138,0
VOC2007\JPEGImages\49.jpg 52,106,132,186,0 128,109,203,187,0 98,45,175,125,0 143,25,200,101,0 58,20,132,89,0 21,74,103,153,0 165,89,246,164,0
VOC2007\JPEGImages\5.jpg 67,74,268,362,0 263,38,489,321,0
VOC2007\JPEGImages\50.jpg 422,55,521,138,0 533,149,681,298,0 643,164,757,289,0 328,123,521,306,0 596,316,768,463,0 538,391,710,533,0 406,294,579,464,0 253,357,433,516,0 98,417,309,533,0 14,262,238,452,0 203,203,387,380,0 1,197,156,345,0 139,171,328,344,0 364,387,553,533,0 509,276,628,407,0
VOC2007\JPEGImages\51.jpg 36,376,253,534,0 238,384,433,535,0 419,369,604,534,0 581,364,782,536,0 677,277,796,414,0 528,252,691,393,0 397,256,542,397,0 271,279,410,419,0 122,268,278,409,0 141,178,260,286,0 252,190,369,294,0 369,177,480,295,0 475,173,612,303,0 609,179,750,300,0 221,130,315,219,0 309,119,423,242,0 414,114,532,214,0 515,130,637,240,0
VOC2007\JPEGImages\52.jpg 240,179,422,348,0 107,219,290,410,0 22,183,183,365,0 140,124,317,274,0
VOC2007\JPEGImages\54.jpg 299,219,476,375,0
VOC2007\JPEGImages\55.jpg 31,93,170,212,0 208,194,339,320,0 309,100,432,236,0 360,14,488,122,0 593,55,721,180,0 500,130,616,241,0 601,164,745,281,0 468,220,600,352,0 588,268,724,384,0
VOC2007\JPEGImages\56.jpg 7,36,246,250,0 180,1,423,136,0 191,110,413,324,0 109,249,316,447,0 1,197,139,404,0 288,239,450,449,0
VOC2007\JPEGImages\58.jpg 60,300,161,401,0 220,192,319,313,0 133,220,238,342,0 51,224,165,319,0
VOC2007\JPEGImages\59.jpg 77,16,158,98,0 121,33,195,116,0
VOC2007\JPEGImages\60.jpg 529,317,857,648,0 750,167,1060,487,0 441,155,766,427,0 23,146,296,428,0 228,36,512,312,0
VOC2007\JPEGImages\61.jpg 688,415,954,675,0 469,461,702,675,0 515,213,787,482,0 571,1,828,207,0 297,2,518,239,0
VOC2007\JPEGImages\62.jpg 573,208,941,551,0 695,1,960,245,0 431,17,723,284,0 278,321,601,561,0 171,105,454,387,0 49,8,319,248,0
VOC2007\JPEGImages\63.jpg 180,91,377,277,0 363,140,508,303,0 251,34,427,183,0 45,181,215,312,0
VOC2007\JPEGImages\64.jpg 60,106,166,211,0 132,34,191,89,0 42,21,108,91,0 80,75,155,129,0 149,83,198,132,0 24,76,89,157,0
VOC2007\JPEGImages\65.jpg 73,53,208,185,0 24,34,110,137,0
VOC2007\JPEGImages\66.jpg 9,67,83,145,0 111,93,182,174,0
VOC2007\JPEGImages\67.jpg 161,55,222,116,0 82,83,122,130,0 57,51,98,99,0
VOC2007\JPEGImages\68.jpg 89,60,185,174,0 2,54,95,181,0
VOC2007\JPEGImages\7.jpg 337,229,889,805,0 8,7,591,609,0
VOC2007\JPEGImages\70.jpg 19,35,133,142,0 109,44,210,139,0
VOC2007\JPEGImages\71.jpg 119,9,179,77,0 110,128,176,204,0 1,96,94,209,0
VOC2007\JPEGImages\72.jpg 48,99,121,168,0 190,10,237,52,0 163,25,208,75,0
VOC2007\JPEGImages\73.jpg 89,60,171,139,0
VOC2007\JPEGImages\74.jpg 35,62,157,192,0 98,19,181,130,0
VOC2007\JPEGImages\76.jpg 288,260,734,727,0
VOC2007\JPEGImages\77.jpg 19,12,129,133,0 92,101,206,223,0
VOC2007\JPEGImages\78.jpg 276,248,760,741,0
VOC2007\JPEGImages\79.jpg 2,15,148,177,0 86,151,247,304,0 148,16,295,163,0 377,153,551,307,0 299,10,451,182,0 440,19,595,170,0
VOC2007\JPEGImages\8.jpg 71,97,632,640,0
VOC2007\JPEGImages\80.jpg 98,93,163,159,0 145,45,213,113,0 174,5,230,47,0 233,38,285,93,0 97,1,171,63,0
VOC2007\JPEGImages\81.jpg 76,18,149,96,0 29,77,116,170,0 110,77,192,154,0 144,18,237,106,0 183,78,263,156,0
VOC2007\JPEGImages\82.jpg 79,1,197,132,0 163,34,298,169,0
VOC2007\JPEGImages\83.jpg 44,40,145,148,0 148,76,251,184,0
VOC2007\JPEGImages\84.jpg 11,78,165,225,0 76,1,212,114,0
VOC2007\JPEGImages\85.jpg 175,149,359,357,0 278,73,457,262,0 67,265,237,443,0 421,110,610,310,0 321,195,532,435,0 61,11,202,184,0 172,23,326,198,0 1,69,110,226,0 499,225,649,443,0 212,323,373,443,0
VOC2007\JPEGImages\86.jpg 7,157,178,308,0 89,77,229,207,0 168,153,326,311,0 253,92,389,235,0 319,150,494,323,0
VOC2007\JPEGImages\88.jpg 88,29,158,116,0 1,42,58,125,0 50,100,136,194,0 149,24,218,95,0 215,23,245,76,0 167,83,205,134,0
VOC2007\JPEGImages\89.jpg 13,70,92,169,0 84,82,180,184,0 160,85,246,165,0 63,34,129,115,0 126,35,214,111,0
VOC2007\JPEGImages\90.jpg 14,58,174,240,0
VOC2007\JPEGImages\91.jpg 10,54,98,158,0 75,90,164,183,0 153,85,256,181,0 141,62,239,127,0 100,4,187,84,0
VOC2007\JPEGImages\93.jpg 10,25,226,213,0
VOC2007\JPEGImages\94.jpg 80,6,158,101,0 125,33,200,123,0
VOC2007\JPEGImages\95.jpg 15,26,74,76,0 34,60,121,140,0 117,43,223,147,0 197,26,300,119,0
VOC2007\JPEGImages\96.jpg 9,39,72,94,0 77,77,142,137,0 116,44,183,101,0 138,5,208,53,0 238,24,304,77,0 200,54,261,103,0 188,94,251,152,0 243,68,312,117,0 237,108,305,162,0
VOC2007\JPEGImages\97.jpg 50,1,200,94,0 1,70,139,183,0 123,56,275,181,0
VOC2007\JPEGImages\98.jpg 71,1,205,141,0 163,31,299,168,0
VOC2007\JPEGImages\99.jpg 30,34,147,165,0 1,150,108,256,0 1,65,89,170,0 96,98,194,215,0
